3350.771
559.734
529.726
559.734
529.726
820.385
879.184
886.494
972.7
530.744
1308.755
1479.553
1696.408
1074.231
1124.864
1435.357
1335.66
1079.463
1899.655
1749.92
1957.403
1720.216
1559.843
2052.245
1293.622
1512.314
1625.007
1680.703
2996.916
891.32
12636.336
14160.817
11712.864
12471.463
12551.441
12539.538
11826.642
12533.236
9604.608
8847.264
5959.394
5658.168
5171.482
6557.605
5864.551
5034.864
5677.388
5075.202
6434.532
6256.303
11399.048
13284.83
14496.915
13941.914
35168.956
12164.546
11134.285
12961.978
10982.958
18784.441
1670.557
1487.331
1615.028
1830.396
1662.255
1582.748
8511.225
1444.721
1531.625
1372.866
