99.85011916754712
99.85011916754712
99.86486486486487
99.86486486486487
99.89189189189189
99.84520884520884
99.85503685503686
99.84520884520884
99.88697788697789
99.86732186732186
99.93918982131163
99.93217379101732
99.94620679977236
99.94308835338235
99.93919029539484
99.93996990699233
99.94152913018733
99.94464757657735
99.9282757330298
99.93061456782232
99.88980625637315
99.88651315789474
99.89967435281734
99.87664473684211
99.90625308378014
99.91283324835946
99.88980625637315
99.88651689089174
99.89473857337873
99.90789322192799
99.67646087817762
99.66655661934632
99.68086628297256
99.68637549106995
99.68085574679755
99.66876485606127
99.68307418044964
99.67316665199401
99.67977286982932
99.69516892263674
99.17224444532457
99.19990493920069
99.24347447221452
99.12096614531777
99.19198320592545
99.24758434975448
99.20405496376668
99.25550451449391
99.12079207920792
99.13670204340251
99.14985830971828
99.08333333333333
99.0111111111111
99.03872867700173
99.06666666666666
99.127826231876
99.16685181070874
99.08893950336092
99.17245209663982
99.03862183939984
99.72221690070691
99.74903733788004
99.72987988275638
99.72221690070691
99.73945861031821
99.73562711929347
99.73754286480585
99.74137435583057
99.73179562826874
99.74904214559388
